[gd_scene load_steps=14 format=3 uid="uid://mjflx36qj0yt"]

[ext_resource type="PackedScene" uid="uid://cvr7gmsefbjv" path="res://textures/enemys/watcher/Watcher.fbx" id="1_udj50"]
[ext_resource type="Texture2D" uid="uid://bwpshvmq4urxt" path="res://textures/enemys/watcher/Watcher uvs_Eye2_BaseColor.png" id="2_bcptj"]
[ext_resource type="Texture2D" uid="uid://fm01xk2j7mdu" path="res://textures/enemys/watcher/Watcher uvs_Eye2_Height.png" id="3_unbun"]
[ext_resource type="Texture2D" uid="uid://6ued2qaljx17" path="res://textures/enemys/watcher/Watcher uvs_Eye2_Metallic.png" id="4_7oexh"]
[ext_resource type="Texture2D" uid="uid://c7gq3xxtkflq7" path="res://textures/enemys/watcher/Watcher uvs_Eye2_Normal.png" id="5_u4drt"]
[ext_resource type="Texture2D" uid="uid://dl7sorwp0g8w5" path="res://textures/enemys/watcher/Watcher uvs_Eye2_Roughness.png" id="6_kyhuy"]
[ext_resource type="Texture2D" uid="uid://bpg47hbij6ps1" path="res://textures/enemys/watcher/Watcher uvs_Wing_BaseColor.png" id="7_suoea"]
[ext_resource type="Texture2D" uid="uid://d2pyddyo5syde" path="res://textures/enemys/watcher/Watcher uvs_Wing_Height.png" id="8_7clyg"]
[ext_resource type="Texture2D" uid="uid://drnjnyi7m4jh8" path="res://textures/enemys/watcher/Watcher uvs_Wing_Metallic.png" id="9_ke71w"]
[ext_resource type="Texture2D" uid="uid://dcncom2cclgsx" path="res://textures/enemys/watcher/Watcher uvs_Wing_Normal.png" id="10_7765h"]
[ext_resource type="Texture2D" uid="uid://cqhfglvethjbm" path="res://textures/enemys/watcher/Watcher uvs_Wing_Roughness.png" id="11_gitjn"]

[sub_resource type="StandardMaterial3D" id="StandardMaterial3D_udj50"]
albedo_texture = ExtResource("2_bcptj")
metallic = 1.0
metallic_texture = ExtResource("4_7oexh")
roughness_texture = ExtResource("6_kyhuy")
normal_enabled = true
normal_texture = ExtResource("5_u4drt")
heightmap_enabled = true
heightmap_texture = ExtResource("3_unbun")

[sub_resource type="StandardMaterial3D" id="StandardMaterial3D_bcptj"]
albedo_texture = ExtResource("7_suoea")
metallic = 1.0
metallic_texture = ExtResource("9_ke71w")
roughness_texture = ExtResource("11_gitjn")
normal_enabled = true
normal_texture = ExtResource("10_7765h")
heightmap_enabled = true
heightmap_texture = ExtResource("8_7clyg")

[node name="Watcher" instance=ExtResource("1_udj50")]

[node name="Skeleton3D" parent="Group/FitSkeleton" index="1"]
bones/23/rotation = Quaternion(-0.257801, -0.471886, 0.744519, -0.395668)
bones/25/rotation = Quaternion(-0.280324, -0.458864, 0.72451, -0.431217)
bones/27/rotation = Quaternion(-0.297926, -0.447636, 0.707224, -0.459017)
bones/29/rotation = Quaternion(-0.369981, 0.695472, 0.553652, 0.270004)
bones/31/rotation = Quaternion(-0.296805, -0.539759, 0.67651, -0.40361)
bones/33/rotation = Quaternion(-0.34903, -0.507554, 0.633001, -0.46891)
bones/35/rotation = Quaternion(-0.556905, 0.635948, 0.401926, 0.35197)

[node name="FKParentConstraintToChest_M" parent="Group/MotionSystem/FKSystem" index="0"]
transform = Transform3D(5.96046e-08, 0, 1, 0.705212, -0.708997, 0, 0.708997, 0.705212, 5.96046e-08, -5.49923e-18, 0.00337165, -0.000365687)

[node name="FKScapula_R" parent="Group/MotionSystem/FKSystem/FKParentConstraintToChest_M/FKOffsetScapula_R/FKExtraScapula_R" index="0"]
transform = Transform3D(0.768116, 0.488787, -0.413625, -0.303137, 0.846588, 0.43749, 0.564009, -0.210658, 0.798447, 0, 0, 0)

[node name="Skeleton3D" parent="Group/MotionSystem/FKSystem/FKParentConstraintToChest_M/FKOffsetScapula_R/FKExtraScapula_R/FKScapula_R" index="0"]
bones/3/rotation = Quaternion(0.230803, -0.0250946, -0.121163, 0.965101)
bones/7/rotation = Quaternion(-0.0649348, -0.0336821, -0.0771681, 0.994331)
bones/11/rotation = Quaternion(-0.136465, -0.0663901, -0.108877, 0.982403)
bones/15/rotation = Quaternion(-0.0100895, -0.141691, -0.0382421, 0.989121)
bones/19/rotation = Quaternion(0.0571342, -0.225326, -0.0336792, 0.972024)
bones/30/rotation = Quaternion(0.911212, 0.137986, -0.0758202, 0.380662)
bones/38/rotation = Quaternion(0.213999, 0.124463, 0.106316, 0.963021)
bones/46/rotation = Quaternion(-0.339851, -0.0190333, 0.147987, 0.928568)
bones/58/rotation = Quaternion(0.184522, -0.136967, 0.0566026, 0.97159)
bones/66/rotation = Quaternion(0.0537327, -0.0771767, 0.285363, 0.953795)
bones/78/rotation = Quaternion(0.0948871, -0.239655, 0.0243953, 0.965902)
bones/86/rotation = Quaternion(0.118119, -0.247442, 0.0462841, 0.960562)
bones/102/rotation = Quaternion(0.0426503, -0.31217, 0.115718, 0.941988)
bones/110/rotation = Quaternion(0.160689, -0.333205, 0.0486892, 0.927784)
bones/118/rotation = Quaternion(0.21569, -0.343111, 0.0275095, 0.913781)
bones/134/rotation = Quaternion(-0.0865161, -0.215772, -0.176301, 0.956491)
bones/135/rotation = Quaternion(0.946343, 0.0103804, 0.0130257, -0.322735)
bones/142/rotation = Quaternion(-0.143042, -0.228895, 0.0449704, 0.961833)
bones/150/rotation = Quaternion(-0.0701604, -0.279779, 0.122377, 0.949645)
bones/164/rotation = Quaternion(-0.394729, -0.109099, -0.0543754, 0.910675)
bones/165/rotation = Quaternion(0.936019, 0.0166093, 0.0198254, -0.350998)
bones/172/rotation = Quaternion(-0.363703, -0.0563989, -0.00818432, 0.92977)
bones/173/rotation = Quaternion(0.936938, 0.025072, 0.0201305, -0.348013)

[node name="FKScapula_L" parent="Group/MotionSystem/FKSystem/FKParentConstraintToChest_M/FKOffsetScapula_L/FKExtraScapula_L" index="0"]
transform = Transform3D(0.768116, 0.488787, -0.413625, -0.303137, 0.846588, 0.43749, 0.564009, -0.210658, 0.798447, 0, 0, 0)

[node name="Skeleton3D" parent="Group/MotionSystem/FKSystem/FKParentConstraintToChest_M/FKOffsetScapula_L/FKExtraScapula_L/FKScapula_L" index="0"]
bones/3/rotation = Quaternion(0.0058769, -0.0519233, -0.112312, 0.992298)
bones/7/rotation = Quaternion(-0.0649348, -0.0336821, -0.0771681, 0.994331)
bones/11/rotation = Quaternion(-0.136465, -0.0663901, -0.108877, 0.982403)
bones/15/rotation = Quaternion(-0.0100895, -0.141691, -0.0382421, 0.989121)
bones/19/rotation = Quaternion(0.0701579, -0.00356143, -0.0505725, 0.996247)
bones/30/rotation = Quaternion(0.977036, 0.137649, -0.149011, 0.0651837)
bones/58/rotation = Quaternion(0.100363, 0.123064, 0.0124773, 0.987232)
bones/66/rotation = Quaternion(0.0957857, 0.0856438, 0.142554, 0.981412)
bones/78/rotation = Quaternion(-0.121907, 0.0118552, 0.0471105, 0.991352)
bones/86/rotation = Quaternion(-0.0897692, 0.00048846, 0.059586, 0.994178)
bones/102/rotation = Quaternion(-0.199125, -0.0922277, -0.0047836, 0.975613)
bones/110/rotation = Quaternion(-0.008025, -0.0802629, -0.0158891, 0.996615)
bones/118/rotation = Quaternion(0.124411, -0.0849918, -0.00869593, 0.988546)
bones/134/rotation = Quaternion(0.117689, -0.0912235, -0.170887, 0.973974)
bones/135/rotation = Quaternion(0.946343, 0.0103804, 0.0130257, -0.322735)
bones/142/rotation = Quaternion(-0.24828, -0.107965, -0.0714124, 0.960001)
bones/150/rotation = Quaternion(-0.430317, -0.084322, -0.0197644, 0.898513)
bones/164/rotation = Quaternion(-0.0985024, -0.026661, -0.148536, 0.983628)
bones/165/rotation = Quaternion(0.936019, 0.0166093, 0.0198254, -0.350998)
bones/172/rotation = Quaternion(-0.0678473, 0.0222275, -0.0970411, 0.992716)

[node name="FKOffsetRoot_M" parent="Group/MotionSystem/FKSystem" index="1"]
transform = Transform3D(0, 0, 1, 0.484216, -0.874949, 0, 0.874949, 0.484216, 0, 0, 0.000594038, -0.00602459)

[node name="Skeleton3D" parent="Group/MotionSystem/IKSystem/IKJoints/IKParentConstraintRoot_M/IKXOffsetRoot_M" index="0"]
bones/0/position = Vector3(0, 0, 0)

[node name="IKSpSpineOffset_M" parent="Group/MotionSystem/IKSystem/IKJoints" index="1"]
transform = Transform3D(0, 0, 1, 0.484216, -0.874949, 0, 0.874949, 0.484216, 0, 1.01689e-33, 0.000594038, -0.00602459)

[node name="IKSpSpine1FollowOffset_M" parent="Group/MotionSystem/IKSystem/IKJoints/IKSpSpineOffset_M" index="1"]
transform = Transform3D(0.996552, -0.0829706, 0, 0.0829706, 0.996552, 0, 0, 0, 1, 0.00257447, -5.55112e-18, 4.26168e-18)

[node name="IKSpChestFollowOffset_M" parent="Group/MotionSystem/IKSystem/IKJoints/IKSpSpineOffset_M" index="2"]
transform = Transform3D(0.96181, 0.273717, 0, -0.273717, 0.96181, 0, 0, 0, 1, 0.00629622, 0.000309864, 4.57087e-18)

[node name="Skeleton3D" parent="Group/MotionSystem/IKSystem/IKJoints/IKAcSpineOffset_M" index="0"]
bones/0/position = Vector3(2.03727e-10, 0, 2.58494e-25)
bones/2/position = Vector3(0.00257447, 0, 3.63747e-18)
bones/3/position = Vector3(0.00629622, 0.000309864, 4.18942e-18)

[node name="IKAcPociXformRoot_M" parent="Group/MotionSystem/IKSystem/IKJoints/IKAcSpineOffset3_M" index="0"]
transform = Transform3D(1, 0, 0, 0, 1, 0, 0, 0, 1, -2.85022e-26, 0.000594038, -0.00602459)

[node name="IKAcPociXformSpine1_M" parent="Group/MotionSystem/IKSystem/IKJoints/IKAcSpineOffset3_M" index="1"]
transform = Transform3D(1, 0, 0, 0, 1, 0, 0, 0, 1, -3.64055e-19, 0.00184064, -0.00377207)

[node name="IKAcPociXformChest_M" parent="Group/MotionSystem/IKSystem/IKJoints/IKAcSpineOffset3_M" index="2"]
transform = Transform3D(1, 0, 0, 0, 1, 0, 0, 0, 1, -5.67427e-18, 0.00337165, -0.000365687)

[node name="IKAcSpineOffset2_M" parent="Group/MotionSystem/IKSystem/IKJoints" index="4"]
transform = Transform3D(0, 0, 1, 0.484216, -0.874949, 0, 0.874949, 0.484216, 0, 1.01689e-33, 0.000594038, -0.00602459)

[node name="IKAcSpine1FollowOffset_M" parent="Group/MotionSystem/IKSystem/IKJoints/IKAcSpineOffset2_M" index="0"]
transform = Transform3D(0.996552, -0.0829706, 0, 0.0829706, 0.996552, 0, 0, 0, 1, 0.00257447, -6.66134e-18, 4.26168e-18)

[node name="IKAcChestFollowOffset_M" parent="Group/MotionSystem/IKSystem/IKJoints/IKAcSpineOffset2_M" index="1"]
transform = Transform3D(0.96181, 0.273717, 0, -0.273717, 0.96181, 0, 0, 0, 1, 0.00629622, 0.000309864, 4.36446e-18)

[node name="IKcvOffsetSpine1_M" parent="Group/MotionSystem/IKSystem/IKHandle/IKHandleFollowMain" index="0"]
transform = Transform3D(1, 0, 0, 0, 1, 0, 0, 0, 1, -3.64055e-19, 0.00184064, -0.00377207)

[node name="IKOffsetSpine2_M" parent="Group/MotionSystem/IKSystem/IKHandle/IKHandleFollowMain" index="1"]
transform = Transform3D(1, 0, 0, 0, 1, 0, 0, 0, 1, -7.91147e-19, 0.00207844, -0.00324297)

[node name="IKOffsetConstrainedSpine1_M" parent="Group/MotionSystem/IKSystem/IKHandle/IKHandleFollowMain" index="2"]
transform = Transform3D(1, 0, 0, 0, 1, 0, 0, 0, 1, 0, 0.000594038, -0.00602459)

[node name="IKFollowEndSpine1_M" parent="Group/MotionSystem/IKSystem/IKHandle/IKHandleFollowMain/IKFollowEndSpine_M" index="0"]
transform = Transform3D(1, 0, 0, 0, 1, 0, 0, 0, 1, 3.9443e-33, 0.000594038, -0.00602459)

[node name="IKFollowEndSpine3_M" parent="Group/MotionSystem/IKSystem/IKHandle/IKHandleFollowMain/IKFollowEndSpine_M" index="1"]
transform = Transform3D(1, 0, 0, 0, 1, 0, 0, 0, 1, -7.77394e-18, 0.00337165, -0.000365687)

[node name="IKOffsetjoint27_R" parent="Group/MotionSystem/IKSystem/IKHandle/IKHandleFollowMain" index="4"]
transform = Transform3D(-0.679143, -0.575683, -0.455361, -0.733903, 0.542984, 0.408113, 0.0123104, 0.611358, -0.791259, -0.0328454, 0.0384187, -0.0541052)

[node name="IKOffsetjoint29_R" parent="Group/MotionSystem/IKSystem/IKHandle/IKHandleFollowMain" index="5"]
transform = Transform3D(-0.501423, -0.840119, 0.206823, -0.755829, 0.541673, 0.36785, -0.421068, 0.0281259, -0.906593, -0.0230737, 0.0514537, -0.0520131)

[node name="IKOffsetjoint31_R" parent="Group/MotionSystem/IKSystem/IKHandle/IKHandleFollowMain" index="6"]
transform = Transform3D(-0.355146, -0.79637, 0.489557, -0.156217, 0.566892, 0.808845, -0.921666, 0.21078, -0.325736, -0.0176315, 0.0571182, -0.0418661)

[node name="IKOffsetjoint23_R" parent="Group/MotionSystem/IKSystem/IKHandle/IKHandleFollowMain" index="7"]
transform = Transform3D(0.101994, 0.470085, 0.876708, -0.77629, -0.513496, 0.365644, 0.62207, -0.717873, 0.312548, -0.0408821, 0.00171121, -0.0467554)

[node name="IKOffsetjoint25_R" parent="Group/MotionSystem/IKSystem/IKHandle/IKHandleFollowMain" index="8"]
transform = Transform3D(-0.236574, 0.277866, 0.931033, -0.965018, -0.178654, -0.191891, 0.113013, -0.943861, 0.310411, -0.041576, 0.0256714, -0.053066)

[node name="IKOffsetjoint19_R" parent="Group/MotionSystem/IKSystem/IKHandle/IKHandleFollowMain" index="9"]
transform = Transform3D(0.293964, 0.576195, 0.762617, -0.407322, -0.646276, 0.645303, 0.864681, -0.500327, 0.044715, -0.0386799, -0.00500106, -0.0359749)

[node name="IKOffsetjoint21_R" parent="Group/MotionSystem/IKSystem/IKHandle/IKHandleFollowMain" index="10"]
transform = Transform3D(0.226841, 0.574575, 0.786389, -0.413589, -0.674185, 0.611897, 0.881752, -0.464045, 0.084705, -0.0395052, -0.00371345, -0.0387296)

[node name="IKOffsetjoint11_R" parent="Group/MotionSystem/IKSystem/IKHandle/IKHandleFollowMain" index="11"]
transform = Transform3D(0.359259, 0.204171, 0.91063, -0.469419, -0.803815, 0.365415, 0.806585, -0.558746, -0.192936, -0.0330913, -0.0121367, -0.0231862)

[node name="IKOffsetjoint15_R" parent="Group/MotionSystem/IKSystem/IKHandle/IKHandleFollowMain" index="12"]
transform = Transform3D(0.373182, 0.20346, 0.905173, -0.477747, -0.794211, 0.375482, 0.795294, -0.572568, -0.199183, -0.0352137, -0.00938821, -0.0277691)

[node name="IKOffsetjoint17_R" parent="Group/MotionSystem/IKSystem/IKHandle/IKHandleFollowMain" index="13"]
transform = Transform3D(0.348217, 0.205988, 0.914502, -0.429912, -0.831824, 0.351064, 0.833019, -0.515402, -0.201099, -0.037406, -0.00663668, -0.0326357)

[node name="IKOffsetjoint5_R" parent="Group/MotionSystem/IKSystem/IKHandle/IKHandleFollowMain" index="14"]
transform = Transform3D(0.98238, 0.163919, -0.0897803, 0.126542, -0.229858, 0.964962, 0.137539, -0.95932, -0.246551, -0.0219851, -0.0181913, -0.0114225)

[node name="IKOffsetjoint7_R" parent="Group/MotionSystem/IKSystem/IKHandle/IKHandleFollowMain" index="15"]
transform = Transform3D(0.762977, 0.316113, 0.563861, -0.368302, -0.50427, 0.781066, 0.531243, -0.803607, -0.268322, -0.0277392, -0.017603, -0.0130417)

[node name="IKOffsetjoint9_R" parent="Group/MotionSystem/IKSystem/IKHandle/IKHandleFollowMain" index="16"]
transform = Transform3D(0.336905, 0.431588, 0.836796, -0.428931, -0.720818, 0.544463, 0.838161, -0.54236, -0.0577255, -0.0315246, -0.0141791, -0.0194422)

[node name="IKOffsetjoint1_R" parent="Group/MotionSystem/IKSystem/IKHandle/IKHandleFollowMain" index="17"]
transform = Transform3D(0.710872, 0.212976, -0.6703, 0.689287, -0.0215227, 0.724169, 0.139804, -0.97682, -0.162101, -0.0137193, -0.0146871, -0.0102505)

[node name="IKOffsetjoint3_R" parent="Group/MotionSystem/IKSystem/IKHandle/IKHandleFollowMain" index="18"]
transform = Transform3D(0.885559, 0.136438, -0.444038, 0.44741, 0.00658156, 0.894305, 0.12494, -0.990627, -0.0552153, -0.0163791, -0.0165394, -0.0106828)

[node name="IKOffsetjoint27_L" parent="Group/MotionSystem/IKSystem/IKHandle/IKHandleFollowMain" index="19"]
transform = Transform3D(-0.71879, -0.460643, -0.52072, 0.695066, -0.492272, -0.523976, -0.0149701, -0.738563, 0.674018, 0.0256077, 0.0382715, -0.0542044)

[node name="IKOffsetjoint29_L" parent="Group/MotionSystem/IKSystem/IKHandle/IKHandleFollowMain" index="20"]
transform = Transform3D(-0.518886, -0.847207, 0.114006, 0.742612, -0.512794, -0.430779, 0.42342, -0.138863, 0.895228, 0.0147478, 0.0514947, -0.0521208)

[node name="IKOffsetjoint31_L" parent="Group/MotionSystem/IKSystem/IKHandle/IKHandleFollowMain" index="21"]
transform = Transform3D(-0.319294, -0.831935, 0.453802, 0.168404, -0.521058, -0.836743, 0.932573, -0.190745, 0.306472, 0.00959495, 0.0571161, -0.0419459)

[node name="IKOffsetjoint23_L" parent="Group/MotionSystem/IKSystem/IKHandle/IKHandleFollowMain" index="22"]
transform = Transform3D(0.0237902, 0.766905, 0.64132, 0.765573, 0.398568, -0.505017, -0.642909, 0.502991, -0.577639, 0.0397871, 0.00164982, -0.0466764)

[node name="IKOffsetjoint25_L" parent="Group/MotionSystem/IKSystem/IKHandle/IKHandleFollowMain" index="23"]
transform = Transform3D(-0.391285, 0.766286, 0.509609, 0.913584, 0.390077, 0.114914, -0.110729, 0.510535, -0.852698, 0.0362921, 0.0255851, -0.0531083)

[node name="IKOffsetjoint19_L" parent="Group/MotionSystem/IKSystem/IKHandle/IKHandleFollowMain" index="24"]
transform = Transform3D(0.2536, 0.813124, 0.523944, 0.501527, 0.352633, -0.790013, -0.827138, 0.463119, -0.318376, 0.0379451, -0.00556292, -0.0358594)

[node name="IKOffsetjoint21_L" parent="Group/MotionSystem/IKSystem/IKHandle/IKHandleFollowMain" index="25"]
transform = Transform3D(0.192124, 0.803879, 0.56291, 0.496112, 0.415345, -0.762471, -0.846736, 0.425755, -0.319016, 0.0386752, -0.00390935, -0.0386133)

[node name="IKOffsetjoint11_L" parent="Group/MotionSystem/IKSystem/IKHandle/IKHandleFollowMain" index="26"]
transform = Transform3D(0.543779, 0.474118, 0.692471, 0.286682, 0.670551, -0.684233, -0.788744, 0.570591, 0.22871, 0.0314404, -0.0116102, -0.0232571)

[node name="IKOffsetjoint15_L" parent="Group/MotionSystem/IKSystem/IKHandle/IKHandleFollowMain" index="27"]
transform = Transform3D(0.473436, 0.471963, 0.743713, 0.34434, 0.677974, -0.649447, -0.810733, 0.563562, 0.158462, 0.0342797, -0.00988069, -0.0277013)

[node name="IKOffsetjoint17_L" parent="Group/MotionSystem/IKSystem/IKHandle/IKHandleFollowMain" index="28"]
transform = Transform3D(0.346548, 0.475143, 0.808791, 0.457748, 0.66693, -0.587938, -0.818762, 0.573972, 0.0136275, 0.0367344, -0.00752465, -0.0325302)

[node name="IKOffsetjoint5_L" parent="Group/MotionSystem/IKSystem/IKHandle/IKHandleFollowMain" index="29"]
transform = Transform3D(0.745915, 0.64904, 0.149526, -0.0749064, 0.304824, -0.949458, -0.661816, 0.697015, 0.27599, 0.0167574, -0.0163322, -0.010793)

[node name="IKOffsetjoint7_L" parent="Group/MotionSystem/IKSystem/IKHandle/IKHandleFollowMain" index="30"]
transform = Transform3D(0.861125, 0.469777, 0.194356, 0.278271, -0.115595, -0.953521, -0.425476, 0.875184, -0.230267, 0.0222744, -0.0154612, -0.0140127)

[node name="IKOffsetjoint9_L" parent="Group/MotionSystem/IKSystem/IKHandle/IKHandleFollowMain" index="31"]
transform = Transform3D(0.593977, 0.66347, 0.45497, 0.272784, 0.365937, -0.889763, -0.756822, 0.652608, 0.0363737, 0.028908, -0.0128527, -0.0197886)

[node name="IKOffsetjoint1_L" parent="Group/MotionSystem/IKSystem/IKHandle/IKHandleFollowMain" index="32"]
transform = Transform3D(0.919129, -0.114957, -0.376812, -0.387848, -0.0962532, -0.916684, 0.0691099, 0.988696, -0.133055, 0.00969146, -0.0138918, -0.00762486)

[node name="IKOffsetjoint3_L" parent="Group/MotionSystem/IKSystem/IKHandle/IKHandleFollowMain" index="33"]
transform = Transform3D(0.878446, 0.375901, -0.29501, -0.348895, 0.0827142, -0.933504, -0.326503, 0.922961, 0.20381, 0.012863, -0.0152092, -0.00802988)

[node name="IKhybridFollowSpine1_MFollowNoScaleOffset" parent="Group/MotionSystem/IKSystem/IKFollow" index="0"]
transform = Transform3D(1, 0, 0, 0, 1, 0, 0, 0, 1, 0, 0.000594038, -0.00602459)

[node name="IKhybridFollowSpine1_MFollow" parent="Group/MotionSystem/IKSystem/IKFollow/IKhybridFollowSpine1_MFollowOffset" index="0"]
transform = Transform3D(1, 2.77556e-16, 1.11022e-16, -2.77556e-16, 1, -2.77556e-16, -1.11022e-16, 2.77556e-16, 1, -3.99812e-12, 7.22436e-12, -2.43364e-27)

[node name="FKIKParentConstraintSpine_M" parent="Group/MotionSystem/FKIKSystem" index="0"]
transform = Transform3D(0, 0, 1, 0.484216, -0.874949, 0, 0.874949, 0.484216, 0, 1.01689e-33, 0.000594038, -0.00602459)

[node name="FKIKSpine_M" parent="Group/MotionSystem/FKIKSystem/FKIKParentConstraintSpine_M" index="0"]
transform = Transform3D(8.60429e-08, 0.484216, 0.874949, -7.64904e-08, -0.874949, 0.484216, 1, -1.08589e-07, -3.82452e-08, 0.00511144, 1.11022e-18, 0.00359676)

[node name="Skeleton3D" parent="Group/MotionSystem/BendSystem/BendJoints" index="0"]
bones/0/position = Vector3(-0.0268421, 0.0221226, -0.0232829)
bones/0/rotation = Quaternion(0.316548, 0.766855, -0.0280606, 0.557623)
bones/1/position = Vector3(-0.0297185, 0.0294743, -0.0374133)
bones/1/rotation = Quaternion(0.316548, 0.766855, -0.0280606, 0.557623)
bones/2/position = Vector3(-0.0325949, 0.036826, -0.0515437)
bones/2/rotation = Quaternion(0.316548, 0.766855, -0.0280606, 0.557623)
bones/3/position = Vector3(-0.0255545, 0.0247883, -0.0240716)
bones/3/rotation = Quaternion(0.42913, 0.676397, 0.086478, 0.592331)
bones/4/position = Vector3(-0.0243579, 0.0364608, -0.0364979)
bones/4/rotation = Quaternion(0.42913, 0.676397, 0.086478, 0.592331)
bones/5/position = Vector3(-0.0231613, 0.0481333, -0.0489242)
bones/5/rotation = Quaternion(0.42913, 0.676397, 0.086478, 0.592331)
bones/6/position = Vector3(-0.0243833, 0.0261397, -0.0217282)
bones/6/rotation = Quaternion(0.505066, 0.61181, 0.177476, 0.582322)
bones/7/position = Vector3(-0.0210257, 0.0408385, -0.0312326)
bones/7/rotation = Quaternion(0.505066, 0.61181, 0.177476, 0.582322)
bones/8/position = Vector3(-0.0176682, 0.0555372, -0.0407371)
bones/8/rotation = Quaternion(0.505066, 0.61181, 0.177476, 0.582322)
bones/9/position = Vector3(-0.0284396, 0.0160927, -0.0173529)
bones/9/rotation = Quaternion(-0.039788, 0.767362, -0.238948, 0.593698)
bones/10/position = Vector3(-0.0327254, 0.01103, -0.0304526)
bones/10/rotation = Quaternion(-0.039788, 0.767362, -0.238948, 0.593698)
bones/11/position = Vector3(-0.0370112, 0.00596738, -0.0435523)
bones/11/rotation = Quaternion(-0.039788, 0.767362, -0.238948, 0.593698)
bones/12/position = Vector3(-0.0282578, 0.0178846, -0.0190718)
bones/12/rotation = Quaternion(0.208886, 0.810549, -0.10916, 0.536154)
bones/13/position = Vector3(-0.0337475, 0.0214853, -0.0339376)
bones/13/rotation = Quaternion(0.208886, 0.810549, -0.10916, 0.536154)
bones/14/position = Vector3(-0.0392373, 0.0250861, -0.0488035)
bones/14/rotation = Quaternion(0.208886, 0.810549, -0.10916, 0.536154)
bones/15/position = Vector3(-0.0274991, 0.0112709, -0.0112032)
bones/15/rotation = Quaternion(-0.150881, 0.789787, -0.202622, 0.558942)
bones/16/position = Vector3(-0.0303655, 0.00722882, -0.0183489)
bones/16/rotation = Quaternion(-0.150881, 0.789787, -0.202622, 0.558942)
bones/17/position = Vector3(-0.0332319, 0.00318676, -0.0254945)
bones/17/rotation = Quaternion(-0.150881, 0.789787, -0.202622, 0.558942)
bones/18/position = Vector3(-0.0279907, 0.0131589, -0.0131873)
bones/18/rotation = Quaternion(-0.146199, 0.78944, -0.197846, 0.562377)
bones/19/position = Vector3(-0.0314928, 0.00826937, -0.0221399)
bones/19/rotation = Quaternion(-0.146199, 0.78944, -0.197846, 0.562377)
bones/20/position = Vector3(-0.034995, 0.0033798, -0.0310925)
bones/20/rotation = Quaternion(-0.146199, 0.78944, -0.197846, 0.562377)
bones/21/position = Vector3(-0.0261926, 0.00436494, -0.00629712)
bones/21/rotation = Quaternion(-0.359273, 0.788071, -0.104868, 0.488742)
bones/22/position = Vector3(-0.0280042, -0.000222405, -0.0110642)
bones/22/rotation = Quaternion(-0.359273, 0.788071, -0.104868, 0.488742)
bones/23/position = Vector3(-0.0298158, -0.00480975, -0.0158313)
bones/23/rotation = Quaternion(-0.359273, 0.788071, -0.104868, 0.488742)
bones/24/position = Vector3(-0.0266071, 0.0068232, -0.00754625)
bones/24/rotation = Quaternion(-0.306054, 0.798946, -0.105054, 0.506932)
bones/25/position = Vector3(-0.0284924, 0.00306446, -0.0122527)
bones/25/rotation = Quaternion(-0.306054, 0.798946, -0.105054, 0.506932)
bones/26/position = Vector3(-0.0303776, -0.000694282, -0.0169592)
bones/26/rotation = Quaternion(-0.306054, 0.798946, -0.105054, 0.506932)
bones/27/position = Vector3(-0.0273321, 0.00934122, -0.00906402)
bones/27/rotation = Quaternion(-0.255344, 0.804713, -0.100608, 0.526416)
bones/28/position = Vector3(-0.0294569, 0.00585871, -0.0144261)
bones/28/rotation = Quaternion(-0.255344, 0.804713, -0.100608, 0.526416)
bones/29/position = Vector3(-0.0315818, 0.00237621, -0.0197882)
bones/29/rotation = Quaternion(-0.255344, 0.804713, -0.100608, 0.526416)
bones/30/position = Vector3(-0.0197806, -0.000962547, -0.00264098)
bones/30/rotation = Quaternion(0.34383, -0.0376115, -0.751375, 0.561962)
bones/31/position = Vector3(-0.0207806, -0.00755789, -0.00623602)
bones/31/rotation = Quaternion(0.34383, -0.0376115, -0.751375, 0.561962)
bones/32/position = Vector3(-0.0217805, -0.0141532, -0.00983106)
bones/32/rotation = Quaternion(0.34383, -0.0376115, -0.751375, 0.561962)
bones/33/position = Vector3(-0.0221971, 0.000267817, -0.00403239)
bones/33/rotation = Quaternion(-0.512804, 0.791283, -0.0657933, 0.326459)
bones/34/position = Vector3(-0.0242705, -0.00652251, -0.00760168)
bones/34/rotation = Quaternion(-0.512804, 0.791283, -0.0657933, 0.326459)
bones/35/position = Vector3(-0.0263438, -0.0133128, -0.011171)
bones/35/rotation = Quaternion(-0.512804, 0.791283, -0.0657933, 0.326459)
bones/36/position = Vector3(-0.0245509, 0.00173845, -0.00541625)
bones/36/rotation = Quaternion(-0.419464, 0.805915, -0.0359339, 0.416244)
bones/37/position = Vector3(-0.0266942, -0.00327924, -0.00997021)
bones/37/rotation = Quaternion(-0.419464, 0.805915, -0.0359339, 0.416244)
bones/38/position = Vector3(-0.0288375, -0.00829693, -0.0145242)
bones/38/rotation = Quaternion(-0.419464, 0.805915, -0.0359339, 0.416244)
bones/39/position = Vector3(-0.0142161, -0.00147084, -0.00220289)
bones/39/rotation = Quaternion(0.396947, -0.0272012, -0.712523, 0.577932)
bones/40/position = Vector3(-0.0142975, -0.00554971, -0.0047811)
bones/40/rotation = Quaternion(0.396947, -0.0272012, -0.712523, 0.577932)
bones/41/position = Vector3(-0.0143788, -0.00962858, -0.00735932)
bones/41/rotation = Quaternion(0.396947, -0.0272012, -0.712523, 0.577932)
bones/42/position = Vector3(-0.0163402, -0.0010177, -0.0036889)
bones/42/rotation = Quaternion(0.351372, -0.0748242, -0.725908, 0.586512)
bones/43/position = Vector3(-0.0167305, -0.00643947, -0.00622175)
bones/43/rotation = Quaternion(0.351372, -0.0748242, -0.725908, 0.586512)
bones/44/position = Vector3(-0.0171208, -0.0118613, -0.0087546)
bones/44/rotation = Quaternion(0.351372, -0.0748242, -0.725908, 0.586512)
bones/45/position = Vector3(0.0229758, 0.0236868, -0.0198342)
bones/45/rotation = Quaternion(0.628572, -0.0109187, 0.734938, -0.254251)
bones/46/position = Vector3(0.0242789, 0.029958, -0.034699)
bones/46/rotation = Quaternion(0.628572, -0.0109187, 0.734938, -0.254251)
bones/47/position = Vector3(0.0255819, 0.0362292, -0.0495639)
bones/47/rotation = Quaternion(0.628572, -0.0109187, 0.734938, -0.254251)
bones/48/position = Vector3(0.0218543, 0.0263682, -0.020803)
bones/48/rotation = Quaternion(0.684116, -0.126898, 0.629857, -0.345199)
bones/49/position = Vector3(0.0188745, 0.0367675, -0.0340342)
bones/49/rotation = Quaternion(0.684116, -0.126898, 0.629857, -0.345199)
bones/50/position = Vector3(0.0158947, 0.0471668, -0.0472655)
bones/50/rotation = Quaternion(0.684116, -0.126898, 0.629857, -0.345199)
bones/51/position = Vector3(0.0213214, 0.0281798, -0.0185394)
bones/51/rotation = Quaternion(0.69335, -0.206235, 0.551556, -0.415355)
bones/52/position = Vector3(0.0158586, 0.0414432, -0.0291177)
bones/52/rotation = Quaternion(0.69335, -0.206235, 0.551556, -0.415355)
bones/53/position = Vector3(0.0103957, 0.0547065, -0.0396961)
bones/53/rotation = Quaternion(0.69335, -0.206235, 0.551556, -0.415355)
bones/54/position = Vector3(0.024684, 0.0189525, -0.0166686)
bones/54/rotation = Quaternion(0.565003, 0.24997, 0.783644, 0.0647213)
bones/55/position = Vector3(0.0298697, 0.0133155, -0.0291959)
bones/55/rotation = Quaternion(0.565003, 0.24997, 0.783644, 0.0647213)
bones/56/position = Vector3(0.0350553, 0.00767848, -0.0417232)
bones/56/rotation = Quaternion(0.565003, 0.24997, 0.783644, 0.0647213)
bones/57/position = Vector3(0.0241696, 0.0211458, -0.0177284)
bones/57/rotation = Quaternion(0.575277, 0.0671754, 0.804706, -0.130355)
bones/58/position = Vector3(0.029112, 0.0232992, -0.0330591)
bones/58/rotation = Quaternion(0.575277, 0.0671754, 0.804706, -0.130355)
bones/59/position = Vector3(0.0340544, 0.0254526, -0.0483899)
bones/59/rotation = Quaternion(0.575277, 0.0671754, 0.804706, -0.130355)
bones/60/position = Vector3(0.0252566, 0.012699, -0.0119231)
bones/60/rotation = Quaternion(0.529276, 0.238557, 0.798907, 0.157177)
bones/61/position = Vector3(0.0286507, 0.00831927, -0.0186249)
bones/61/rotation = Quaternion(0.529276, 0.238557, 0.798907, 0.157177)
bones/62/position = Vector3(0.0320449, 0.00393955, -0.0253266)
bones/62/rotation = Quaternion(0.529276, 0.238557, 0.798907, 0.157177)
bones/63/position = Vector3(0.0252915, 0.0150289, -0.0134442)
bones/63/rotation = Quaternion(0.530583, 0.232534, 0.801636, 0.147611)
bones/64/position = Vector3(0.0295342, 0.0098151, -0.0218785)
bones/64/rotation = Quaternion(0.530583, 0.232534, 0.801636, 0.147611)
bones/65/position = Vector3(0.033777, 0.00460133, -0.0303127)
bones/65/rotation = Quaternion(0.530583, 0.232534, 0.801636, 0.147611)
bones/66/position = Vector3(0.0247858, 0.0047882, -0.00865718)
bones/66/rotation = Quaternion(0.490293, 0.168916, 0.781264, 0.347428)
bones/67/position = Vector3(0.0266914, -7.16681e-05, -0.013107)
bones/67/rotation = Quaternion(0.490293, 0.168916, 0.781264, 0.347428)
bones/68/position = Vector3(0.028597, -0.00493153, -0.0175568)
bones/68/rotation = Quaternion(0.490293, 0.168916, 0.781264, 0.347428)
bones/69/position = Vector3(0.0250757, 0.00747271, -0.0093533)
bones/69/rotation = Quaternion(0.492342, 0.156608, 0.799502, 0.30638)
bones/70/position = Vector3(0.0271424, 0.00340749, -0.0137163)
bones/70/rotation = Quaternion(0.492342, 0.156608, 0.799502, 0.30638)
bones/71/position = Vector3(0.0292091, -0.000657738, -0.0180793)
bones/71/rotation = Quaternion(0.492342, 0.156608, 0.799502, 0.30638)
bones/72/position = Vector3(0.025571, 0.0102743, -0.0103903)
bones/72/rotation = Quaternion(0.5037, 0.137875, 0.810449, 0.265423)
bones/73/position = Vector3(0.0279405, 0.00643985, -0.015398)
bones/73/rotation = Quaternion(0.5037, 0.137875, 0.810449, 0.265423)
bones/74/position = Vector3(0.0303099, 0.00260538, -0.0204057)
bones/74/rotation = Quaternion(0.5037, 0.137875, 0.810449, 0.265423)
bones/75/position = Vector3(0.0193496, -0.0010617, -0.00428808)
bones/75/rotation = Quaternion(0.613757, 0.637274, -0.12582, -0.448724)
bones/76/position = Vector3(0.0181667, -0.00784518, -0.00745161)
bones/76/rotation = Quaternion(0.613757, 0.637274, -0.12582, -0.448724)
bones/77/position = Vector3(0.0169838, -0.0146287, -0.0106151)
bones/77/rotation = Quaternion(0.613757, 0.637274, -0.12582, -0.448724)
bones/78/position = Vector3(0.0212896, 0.000398363, -0.00613037)
bones/78/rotation = Quaternion(0.425067, 0.134446, 0.71182, 0.54273)
bones/79/position = Vector3(0.0216831, -0.00664979, -0.00977946)
bones/79/rotation = Quaternion(0.425067, 0.134446, 0.71182, 0.54273)
bones/80/position = Vector3(0.0220767, -0.0136979, -0.0134286)
bones/80/rotation = Quaternion(0.425067, 0.134446, 0.71182, 0.54273)
bones/81/position = Vector3(0.0232059, 0.00209017, -0.00788631)
bones/81/rotation = Quaternion(0.43432, 0.0975726, 0.795711, 0.410718)
bones/82/position = Vector3(0.0252339, -0.00315751, -0.012229)
bones/82/rotation = Quaternion(0.43432, 0.0975726, 0.795711, 0.410718)
bones/83/position = Vector3(0.0272619, -0.00840519, -0.0165716)
bones/83/rotation = Quaternion(0.43432, 0.0975726, 0.795711, 0.410718)
bones/84/position = Vector3(0.0142161, -0.00147084, -0.00220289)
bones/84/rotation = Quaternion(0.688335, 0.594875, -0.0502795, -0.412057)
bones/85/position = Vector3(0.0128301, -0.00562311, -0.00423479)
bones/85/rotation = Quaternion(0.688335, 0.594875, -0.0502795, -0.412057)
bones/86/position = Vector3(0.0114441, -0.00977538, -0.0062667)
bones/86/rotation = Quaternion(0.688335, 0.594875, -0.0502795, -0.412057)
bones/87/position = Vector3(0.0163402, -0.0010177, -0.0036889)
bones/87/rotation = Quaternion(0.677977, 0.631216, -0.0944272, -0.364687)
bones/88/position = Vector3(0.015229, -0.00656351, -0.00568201)
bones/88/rotation = Quaternion(0.677977, 0.631216, -0.0944272, -0.364687)
bones/89/position = Vector3(0.0141178, -0.0121093, -0.00767512)
bones/89/rotation = Quaternion(0.677977, 0.631216, -0.0944272, -0.364687)

[node name="BendMPXjoint270_R" parent="Group/MotionSystem/BendSystem/BendMPX" index="0"]
transform = Transform3D(-0.177708, 0.516788, 0.837466, 0.454199, 0.798019, -0.396066, -0.872997, 0.309992, -0.376539, -0.0268421, 0.0221226, -0.0232829)

[node name="BendMPXjoint271_R" parent="Group/MotionSystem/BendSystem/BendMPX" index="1"]
transform = Transform3D(-0.177708, 0.957155, 0.228635, 0.454199, 0.285883, -0.843786, -0.872997, -0.0461019, -0.485543, -0.0287597, 0.0270237, -0.0327031)

[node name="BendMPXjoint272_R" parent="Group/MotionSystem/BendSystem/BendMPX" index="2"]
transform = Transform3D(-0.177708, 0.839491, -0.513493, 0.454199, -0.392927, -0.799569, -0.872996, -0.375318, -0.311469, -0.0306773, 0.0319248, -0.0421234)

[node name="BendMPXjoint290_R" parent="Group/MotionSystem/BendSystem/BendMPX" index="3"]
transform = Transform3D(0.0700166, 0.478078, 0.875522, 0.682972, 0.616738, -0.391387, -0.727081, 0.625361, -0.283332, -0.0255545, 0.0247883, -0.0240716)

[node name="BendMPXjoint291_R" parent="Group/MotionSystem/BendSystem/BendMPX" index="4"]
transform = Transform3D(0.0700165, 0.600876, 0.79627, 0.682972, 0.55293, -0.477302, -0.727081, 0.577249, -0.371667, -0.0247568, 0.03257, -0.0323558)

[node name="BendMPXjoint292_R" parent="Group/MotionSystem/BendSystem/BendMPX" index="5"]
transform = Transform3D(0.0700165, 0.710776, 0.699925, 0.682972, 0.477253, -0.552972, -0.727081, 0.516747, -0.452024, -0.023959, 0.0403516, -0.04064)

[node name="BendMPXjoint310_R" parent="Group/MotionSystem/BendSystem/BendMPX" index="6"]
transform = Transform3D(0.188381, 0.411313, 0.891815, 0.824705, 0.426821, -0.371058, -0.533267, 0.805385, -0.258807, -0.0243833, 0.0261397, -0.0217282)

[node name="BendMPXjoint311_R" parent="Group/MotionSystem/BendSystem/BendMPX" index="7"]
transform = Transform3D(0.188381, 0.194246, 0.962695, 0.824706, 0.500974, -0.262462, -0.533267, 0.843382, -0.0658218, -0.0221449, 0.0359389, -0.0280645)

[node name="BendMPXjoint312_R" parent="Group/MotionSystem/BendSystem/BendMPX" index="8"]
transform = Transform3D(0.188381, -0.0333222, 0.981531, 0.824706, 0.548043, -0.139676, -0.533267, 0.835786, 0.130722, -0.0199066, 0.0457381, -0.0344008)

[node name="BendMPXjoint230_R" parent="Group/MotionSystem/BendSystem/BendMPX" index="9"]
transform = Transform3D(-0.29188, 0.222662, 0.930176, -0.344789, 0.882641, -0.319475, -0.892147, -0.413963, -0.180854, -0.0284396, 0.0160927, -0.0173529)

[node name="BendMPXjoint231_R" parent="Group/MotionSystem/BendSystem/BendMPX" index="10"]
transform = Transform3D(-0.29188, 0.334338, 0.896116, -0.34479, 0.83714, -0.424638, -0.892147, -0.432915, -0.129068, -0.0312968, 0.0127176, -0.026086)

[node name="BendMPXjoint232_R" parent="Group/MotionSystem/BendSystem/BendMPX" index="11"]
transform = Transform3D(-0.29188, 0.441032, 0.848703, -0.344789, 0.779163, -0.523473, -0.892147, -0.445415, -0.075359, -0.034154, 0.00934249, -0.0348192)

[node name="BendMPXjoint250_R" parent="Group/MotionSystem/BendSystem/BendMPX" index="12"]
transform = Transform3D(-0.33781, 0.455678, 0.823554, 0.221572, 0.888901, -0.40095, -0.914762, 0.0470312, -0.401245, -0.0282578, 0.0178846, -0.0190718)

[node name="BendMPXjoint251_R" parent="Group/MotionSystem/BendSystem/BendMPX" index="13"]
transform = Transform3D(-0.337811, 0.4885, 0.80452, 0.221572, 0.872019, -0.43645, -0.914762, 0.0308214, -0.402815, -0.0319176, 0.0202851, -0.0289824)

[node name="BendMPXjoint252_R" parent="Group/MotionSystem/BendSystem/BendMPX" index="14"]
transform = Transform3D(-0.337811, 0.520528, 0.784177, 0.221572, 0.85372, -0.471241, -0.914762, 0.0145614, -0.40373, -0.0355775, 0.0226856, -0.0388929)

[node name="BendMPXjoint190_R" parent="Group/MotionSystem/BendSystem/BendMPX" index="15"]
transform = Transform3D(-0.329638, -0.0118197, 0.944034, -0.464835, 0.872359, -0.151389, -0.821747, -0.488723, -0.293057, -0.0274991, 0.0112709, -0.0112032)

[node name="BendMPXjoint191_R" parent="Group/MotionSystem/BendSystem/BendMPX" index="16"]
transform = Transform3D(-0.329638, 0.0458579, 0.942993, -0.464835, 0.861485, -0.204384, -0.821747, -0.505709, -0.262661, -0.02941, 0.00857618, -0.015967)

[node name="BendMPXjoint192_R" parent="Group/MotionSystem/BendSystem/BendMPX" index="17"]
transform = Transform3D(-0.329638, 0.103364, 0.938432, -0.464835, 0.847394, -0.256617, -0.821747, -0.520807, -0.231285, -0.031321, 0.00588147, -0.0207308)

[node name="BendMPXjoint210_R" parent="Group/MotionSystem/BendSystem/BendMPX" index="18"]
transform = Transform3D(-0.324716, -0.00830242, 0.945775, -0.453358, 0.878966, -0.147937, -0.830076, -0.476812, -0.289179, -0.0279907, 0.0131589, -0.0131873)

[node name="BendMPXjoint211_R" parent="Group/MotionSystem/BendSystem/BendMPX" index="19"]
transform = Transform3D(-0.324716, 0.0634117, 0.943683, -0.453358, 0.865224, -0.214137, -0.830076, -0.49736, -0.252204, -0.0303254, 0.00989922, -0.0191557)

[node name="BendMPXjoint212_R" parent="Group/MotionSystem/BendSystem/BendMPX" index="20"]
transform = Transform3D(-0.324716, 0.134761, 0.936162, -0.453358, 0.846503, -0.279106, -0.830076, -0.515046, -0.213778, -0.0326602, 0.00663951, -0.0251241)

[node name="BendMPXjoint110_R" parent="Group/MotionSystem/BendSystem/BendMPX" index="21"]
transform = Transform3D(-0.264107, -0.463758, 0.84568, -0.668773, 0.719851, 0.185896, -0.694975, -0.516472, -0.500267, -0.0261926, 0.00436494, -0.00629712)

[node name="BendMPXjoint111_R" parent="Group/MotionSystem/BendSystem/BendMPX" index="22"]
transform = Transform3D(-0.264107, -0.436637, 0.859998, -0.668773, 0.725397, 0.162916, -0.694975, -0.532116, -0.483594, -0.0274003, 0.00130671, -0.00947517)

[node name="BendMPXjoint112_R" parent="Group/MotionSystem/BendSystem/BendMPX" index="23"]
transform = Transform3D(-0.264107, -0.409074, 0.873445, -0.668773, 0.73021, 0.139771, -0.694975, -0.547222, -0.466432, -0.028608, -0.00175152, -0.0126532)

[node name="BendMPXjoint150_R" parent="Group/MotionSystem/BendSystem/BendMPX" index="24"]
transform = Transform3D(-0.298702, -0.382531, 0.874327, -0.595553, 0.790588, 0.142432, -0.745717, -0.478163, -0.463968, -0.0266071, 0.0068232, -0.00754625)

[node name="BendMPXjoint151_R" parent="Group/MotionSystem/BendSystem/BendMPX" index="25"]
transform = Transform3D(-0.298702, -0.278495, 0.912808, -0.595553, 0.801775, 0.0497341, -0.745717, -0.528769, -0.40535, -0.027864, 0.00431737, -0.0106839)

[node name="BendMPXjoint152_R" parent="Group/MotionSystem/BendSystem/BendMPX" index="26"]
transform = Transform3D(-0.298702, -0.170696, 0.938957, -0.595553, 0.80213, -0.0436359, -0.745717, -0.572232, -0.341256, -0.0291208, 0.00181154, -0.0138216)

[node name="BendMPXjoint170_R" parent="Group/MotionSystem/BendSystem/BendMPX" index="27"]
transform = Transform3D(-0.315371, -0.305035, 0.898607, -0.516881, 0.849355, 0.106914, -0.795849, -0.430755, -0.425528, -0.0273321, 0.00934122, -0.00906402)

[node name="BendMPXjoint171_R" parent="Group/MotionSystem/BendSystem/BendMPX" index="28"]
transform = Transform3D(-0.31537, -0.164621, 0.934581, -0.51688, 0.85573, -0.0236873, -0.795849, -0.490537, -0.354961, -0.0287487, 0.00701955, -0.0126387)

[node name="BendMPXjoint172_R" parent="Group/MotionSystem/BendSystem/BendMPX" index="29"]
transform = Transform3D(-0.31537, -0.0203666, 0.94875, -0.51688, 0.84214, -0.153736, -0.795849, -0.538874, -0.276113, -0.0301652, 0.00469788, -0.0162134)

[node name="BendMPXjoint50_R" parent="Group/MotionSystem/BendSystem/BendMPX" index="30"]
transform = Transform3D(-0.131958, 0.818625, -0.558963, -0.870353, -0.365568, -0.329919, -0.474418, 0.44296, 0.760732, -0.0197806, -0.000962547, -0.00264098)

[node name="BendMPXjoint51_R" parent="Group/MotionSystem/BendSystem/BendMPX" index="31"]
transform = Transform3D(-0.131958, 0.853505, -0.504099, -0.870353, -0.343155, -0.353172, -0.474419, 0.39214, 0.788133, -0.0204473, -0.00535944, -0.00503767)

[node name="BendMPXjoint52_R" parent="Group/MotionSystem/BendSystem/BendMPX" index="32"]
transform = Transform3D(-0.131958, 0.884714, -0.447067, -0.870353, -0.319266, -0.374907, -0.474418, 0.339634, 0.812143, -0.0211139, -0.00975634, -0.00743437)

[node name="BendMPXjoint70_R" parent="Group/MotionSystem/BendSystem/BendMPX" index="33"]
